	1,24005,71	,2010,Baltimore County,Maryland,311,4354,33475,174026,2014,287,4482,66179,280095,3.3539
	1,24005,72	,2010,Baltimore County,Maryland,1547,26758,94092,411074,2014,1616,27750,106044,456758,3.3539
	1,24005,81	,2010,Baltimore County,Maryland,1843,14924,94060,408230,2014,1853,15025,106245,443908,3.3539
	1,24005,0	,2010,Baltimore County,Maryland,19805,310646,3215806,13594413,2014,19869,310382,3525721,14385123,3.3539
	1,24005,23	,2010,Baltimore County,Maryland,1931,21124,248742,1114878,2014,1851,21225,294241,1294163,3.3539
	1,24005,31-33	,2010,Baltimore County,Maryland,450,17299,242866,979274,2014,436,14783,218546,927129,3.3539
	1,24005,42	,2010,Baltimore County,Maryland,926,12917,169085,735419,2014,879,11829,173636,738442,3.3539
	1,24005,44-45	,2010,Baltimore County,Maryland,2752,45976,276100,1203269,2014,2742,49064,306524,1282491,3.3539
	1,24005,48-49	,2010,Baltimore County,Maryland,406,5365,52806,246529,2014,422,5702,73742,291408,3.3539
	1,24005,51	,2010,Baltimore County,Maryland,313,8250,114551,467522,2014,325,7393,124318,492471,3.3539
	1,24005,52	,2010,Baltimore County,Maryland,1519,22213,400676,1613811,2014,1426,19746,451390,1577882,3.3539
	1,24005,53	,2010,Baltimore County,Maryland,815,6715,91028,346496,2014,865,7274,99193,410195,3.3539
	1,24005,54	,2010,Baltimore County,Maryland,2700,23883,335935,1498287,2014,2734,25512,404744,1721576,3.3539
	1,24005,55	,2010,Baltimore County,Maryland,151,12341,252621,918593,2014,168,8134,216472,765328,3.3539
	1,24005,56	,2010,Baltimore County,Maryland,1245,22210,164668,745481,2014,1291,25203,202433,875570,3.3539
	1,24005,61	,2010,Baltimore County,Maryland,254,8041,57361,239966,2014,253,8415,62637,258563,3.3539
	1,24005,62	,2010,Baltimore County,Maryland,2580,56644,540847,2341842,2014,2649,57326,573450,2425091,3.3539
	1,48085,23	,2010,Collin County,Texas,1124,11942,142739,661008,2014,1244,15578,226928,1008154,3.5790
	1,48085,22	,2010,Collin County,Texas,29,483,8559,34292,2014,29,570,10617,38308,3.5790
	1,48085,21	,2010,Collin County,Texas,85,767,23654,96928,2014,89,622,16174,68551,3.5790
	1,48085,0	,2010,Collin County,Texas,17719,288674,3852910,15576999,2014,20610,354722,5426753,20772841,3.5790
	1,48085,81	,2010,Collin County,Texas,1280,14110,76985,323285,2014,1453,15510,109315,455820,3.5790
	1,48085,72	,2010,Collin County,Texas,1477,31114,115100,492381,2014,1795,39616,164059,695154,3.5790
	1,48085,71	,2010,Collin County,Texas,198,3770,13922,62509,2014,261,4771,18816,88002,3.5790
	1,48085,62	,2010,Collin County,Texas,2396,30374,307905,1387343,2014,3008,42986,480538,2041032,3.5790
	1,48085,61	,2010,Collin County,Texas,270,2864,19984,80919,2014,361,3800,24383,104665,3.5790
	1,48085,56	,2010,Collin County,Texas,1043,19799,157737,710180,2014,1195,25991,252494,1058194,3.5790
	1,48085,55	,2010,Collin County,Texas,157,12305,389317,1440234,2014,355,21060,828491,2450451,3.5790
	1,48085,54	,2010,Collin County,Texas,2835,26645,515272,2195649,2014,3494,37974,947633,3748672,3.5790
	1,48085,53	,2010,Collin County,Texas,905,5455,56678,239080,2014,992,6760,83295,349144,3.5790
	1,48085,52	,2010,Collin County,Texas,1507,28784,536499,1947974,2014,1611,41389,833190,2989794,3.5790
	1,48085,51	,2010,Collin County,Texas,422,27972,669329,2644441,2014,401,12897,332014,1227942,3.5790
	1,48085,48-49	,2010,Collin County,Texas,198,1899,20629,87277,2014,243,2274,28838,118881,3.5790
	1,48085,44-45	,2010,Collin County,Texas,2319,41687,247095,1045824,2014,2506,48025,318482,1313707,3.5790
	1,48085,42	,2010,Collin County,Texas,1000,11658,267503,970784,2014,1081,16180,400999,1610873,3.5790
	1,48085,31-33	,2010,Collin County,Texas,413,16950,283524,1154952,2014,442,18662,350326,1404511,3.5790
	1,55025,61	,2010,Dane County,Wisconsin,203,3189,17611,73503,2014,223,3448,21526,85636,2.0489
	1,55025,62	,2010,Dane County,Wisconsin,1187,42055,433782,1864002,2014,1271,45566,532558,2237801,2.0489
	1,55025,71	,2010,Dane County,Wisconsin,264,3786,13347,62596,2014,279,4209,15434,71326,2.0489
	1,55025,72	,2010,Dane County,Wisconsin,1215,23407,71199,307592,2014,1288,25946,90372,390016,2.0489
	1,55025,81	,2010,Dane County,Wisconsin,1399,14074,96975,415566,2014,1439,13162,104111,437433,2.0489
	1,55025,0	,2010,Dane County,Wisconsin,13185,244080,2509620,10466554,2014,13590,267697,3246132,13167661,2.0489
	1,55025,21	,2010,Dane County,Wisconsin,10,127,1465,9339,2014,10,125,1412,10073,2.0489
	1,55025,23	,2010,Dane County,Wisconsin,1239,10775,134203,595250,2014,1191,12238,162676,806253,2.0489
	1,55025,31-33	,2010,Dane County,Wisconsin,525,22126,268263,1100408,2014,527,23620,331706,1358111,2.0489
	1,55025,42	,2010,Dane County,Wisconsin,685,11937,139945,603535,2014,701,12727,178256,724303,2.0489
	1,55025,44-45	,2010,Dane County,Wisconsin,1662,28933,171877,729974,2014,1676,31147,202963,835089,2.0489
	1,55025,48-49	,2010,Dane County,Wisconsin,315,6212,50397,220506,2014,286,6529,59511,246360,2.0489
	1,55025,51	,2010,Dane County,Wisconsin,369,10729,170199,760446,2014,359,14848,277898,1208404,2.0489
	1,55025,52	,2010,Dane County,Wisconsin,915,22703,397668,1431220,2014,921,23131,528864,1771547,2.0489
	1,55025,53	,2010,Dane County,Wisconsin,611,4405,36702,158883,2014,665,4138,41297,175486,2.0489
	1,55025,54	,2010,Dane County,Wisconsin,1697,18027,266260,1158630,2014,1849,20711,358352,1483735,2.0489
	1,55025,55	,2010,Dane County,Wisconsin,121,5243,105922,376337,2014,110,7005,141863,575489,2.0489
	1,55025,56	,2010,Dane County,Wisconsin,714,14275,94781,442756,2014,727,16821,120217,525901,2.0489
	1,8031,53	,2010,Denver County,Colorado,1370,10555,159291,561606,2014,1579,9666,149649,576478,6.8315
	1,8031,72	,2010,Denver County,Colorado,1873,39106,175866,766287,2014,2107,48670,237331,1002362,6.8315
	1,8031,81	,2010,Denver County,Colorado,1991,18882,128334,546694,2014,2134,19422,149542,631047,6.8315
	1,8031,51	,2010,Denver County,Colorado,558,18653,423196,1879608,2014,560,15679,406511,1478138,6.8315
	1,8031,52	,2010,Denver County,Colorado,1657,23630,702872,2213879,2014,1555,24129,891672,2676261,6.8315
	1,8031,54	,2010,Denver County,Colorado,4089,34468,656384,2887206,2014,4556,40894,848393,3759840,6.8315
	1,8031,55	,2010,Denver County,Colorado,239,14532,536397,1705367,2014,283,19467,818060,2592134,6.8315
	1,8031,56	,2010,Denver County,Colorado,1103,33835,233365,1006445,2014,1231,41436,329940,1383565,6.8315
	1,8031,48-49	,2010,Denver County,Colorado,446,21853,219698,905705,2014,471,23815,315529,1269703,6.8315
	1,8031,44-45	,2010,Denver County,Colorado,2246,25885,171407,747342,2014,2307,29740,202458,871802,6.8315
	1,8031,42	,2010,Denver County,Colorado,1430,21897,308374,1278264,2014,1404,21610,348274,1443764,6.8315
	1,8031,31-33	,2010,Denver County,Colorado,762,15842,153748,674023,2014,756,16602,194043,836027,6.8315
	1,8031,23	,2010,Denver County,Colorado,1175,12851,157216,672291,2014,1264,15810,210091,939416,6.8315
	1,8031,71	,2010,Denver County,Colorado,312,8639,106221,435458,2014,350,9481,108617,519222,6.8315
	1,8031,62	,2010,Denver County,Colorado,2113,46059,533911,2303207,2014,2187,51910,643590,2716955,6.8315
	1,8031,61	,2010,Denver County,Colorado,373,14594,99094,418463,2014,443,17206,135905,551849,6.8315
	1,8031,0	,2010,Denver County,Colorado,22055,368327,5016014,19813712,2014,23558,414818,6398011,24567446,6.8315
	1,8031,21	,2010,Denver County,Colorado,242,5173,191146,628955,2014,291,6431,315766,1075809,6.8315
	1,48141,62	,2010,El Paso County,Texas,1445,36444,303915,1324633,2014,1544,41337,365440,1542756,8.2433
	1,48141,56	,2010,El Paso County,Texas,565,20426,97148,408273,2014,627,23673,155460,645172,8.2433
	1,48141,55	,2010,El Paso County,Texas,73,1755,23691,94693,2014,64,1865,36908,136436,8.2433
	1,48141,54	,2010,El Paso County,Texas,1194,9660,85644,384503,2014,1283,9631,93858,417299,8.2433
	1,48141,53	,2010,El Paso County,Texas,704,3244,21306,97667,2014,728,3797,32211,134975,8.2433
	1,48141,52	,2010,El Paso County,Texas,816,7108,68710,277043,2014,939,6546,75869,282994,8.2433
	1,48141,0	,2010,El Paso County,Texas,13356,206981,1401090,5956632,2014,13875,223489,1697430,6964919,8.2433
	1,48141,11	,2010,El Paso County,Texas,14,206,1010,4552,2014,15,331,2459,9087,8.2433
	1,48141,23	,2010,El Paso County,Texas,962,11004,96028,384803,2014,907,9546,89106,353948,8.2433
	1,48141,31-33	,2010,El Paso County,Texas,515,13053,111119,483845,2014,481,13793,141367,539707,8.2433
	1,48141,61	,2010,El Paso County,Texas,124,2247,11815,52745,2014,147,2887,16985,73237,8.2433
	1,48141,42	,2010,El Paso County,Texas,998,9487,79383,344439,2014,1009,9878,99669,415490,8.2433
	1,48141,44-45	,2010,El Paso County,Texas,2307,34057,165737,714728,2014,2298,38117,205881,842627,8.2433
	1,48141,48-49	,2010,El Paso County,Texas,734,11890,102300,445003,2014,812,11185,114167,493253,8.2433
	1,48141,51	,2010,El Paso County,Texas,188,8905,81741,320022,2014,183,8830,86536,356568,8.2433
	1,48141,81	,2010,El Paso County,Texas,1180,8179,39034,164867,2014,1162,8139,42351,174337,8.2433
	1,48141,72	,2010,El Paso County,Texas,1367,26508,81755,351001,2014,1488,30414,101206,417046,8.2433
	1,48141,71	,2010,El Paso County,Texas,116,1851,9970,33464,2014,138,2195,8760,38645,8.2433
	1,48157,72	,2010,Fort Bend County,Texas,803,14805,50086,209144,2014,978,19878,73363,316959,4.4416
	1,48157,81	,2010,Fort Bend County,Texas,727,5986,33913,142119,2014,842,6921,44782,189039,4.4416
	1,48157,0	,2010,Fort Bend County,Texas,9223,114920,1089193,4665126,2014,11358,145249,1631624,6620913,4.4416
	1,48157,23	,2010,Fort Bend County,Texas,639,6053,67058,314314,2014,732,8078,110654,499161,4.4416
	1,48157,31-33	,2010,Fort Bend County,Texas,327,11344,132890,582706,2014,349,14485,220690,847203,4.4416
	1,48157,42	,2010,Fort Bend County,Texas,638,5682,75090,338476,2014,760,7437,118484,510431,4.4416
	1,48157,44-45	,2010,Fort Bend County,Texas,1296,21669,120580,517001,2014,1548,25430,160635,660177,4.4416
	1,48157,48-49	,2010,Fort Bend County,Texas,139,2490,25004,108595,2014,203,1613,19216,83575,4.4416
	1,48157,51	,2010,Fort Bend County,Texas,92,1623,19403,78393,2014,130,2436,38874,159014,4.4416
	1,48157,52	,2010,Fort Bend County,Texas,617,3607,55858,216884,2014,712,4107,75575,278189,4.4416
	1,48157,53	,2010,Fort Bend County,Texas,405,1539,14324,55156,2014,522,1636,14744,66725,4.4416
	1,48157,54	,2010,Fort Bend County,Texas,1308,7248,99814,449880,2014,1775,9711,189534,802297,4.4416
	1,48157,55	,2010,Fort Bend County,Texas,57,3555,146867,547765,2014,59,3316,132424,411099,4.4416
	1,48157,56	,2010,Fort Bend County,Texas,499,7420,54333,261582,2014,582,8770,85810,367202,4.4416
	1,48157,61	,2010,Fort Bend County,Texas,150,1570,7915,34245,2014,200,2319,12139,52322,4.4416
	1,48157,62	,2010,Fort Bend County,Texas,1288,15131,122314,558506,2014,1659,21988,195148,844174,4.4416
	1,48157,71	,2010,Fort Bend County,Texas,108,2714,10502,48140,2014,134,2911,13242,57580,4.4416
	1,51087,61	,2010,Henrico County,Virginia,110,2004,13943,60475,2014,138,2174,16697,70865,3.5838
	1,51087,62	,2010,Henrico County,Virginia,923,22542,232853,1046019,2014,1039,22798,260133,1124076,3.5838
	1,51087,71	,2010,Henrico County,Virginia,116,1612,7233,32891,2014,135,2627,10818,46447,3.5838
	1,51087,72	,2010,Henrico County,Virginia,687,14861,51646,222517,2014,765,16415,60293,254569,3.5838
	1,51087,81	,2010,Henrico County,Virginia,869,7919,51107,215710,2014,897,7920,58184,241060,3.5838
	1,51087,0	,2010,Henrico County,Virginia,8700,155199,1976632,7493181,2014,9002,164343,2300348,8201233,3.5838
	1,51087,23	,2010,Henrico County,Virginia,679,6561,73817,329101,2014,620,6617,79918,349693,3.5838
	1,51087,31-33	,2010,Henrico County,Virginia,185,5409,63122,265294,2014,162,5718,74595,317608,3.5838
	1,51087,42	,2010,Henrico County,Virginia,482,7543,116504,487492,2014,494,9237,159393,607833,3.5838
	1,51087,44-45	,2010,Henrico County,Virginia,1286,22652,125085,534526,2014,1259,22325,136267,563593,3.5838
	1,51087,48-49	,2010,Henrico County,Virginia,203,2777,22838,98329,2014,208,3392,31019,121240,3.5838
	1,51087,51	,2010,Henrico County,Virginia,194,4635,65404,281831,2014,208,4764,82479,304329,3.5838
	1,51087,52	,2010,Henrico County,Virginia,817,21324,492650,1573299,2014,815,22342,576797,1721629,3.5838
	1,51087,53	,2010,Henrico County,Virginia,437,3655,35727,146626,2014,471,3785,48488,198455,3.5838
	1,51087,54	,2010,Henrico County,Virginia,1141,11019,148634,654167,2014,1145,13068,302271,999630,3.5838
	1,51087,55	,2010,Henrico County,Virginia,86,7267,320338,922019,2014,111,4518,202153,503214,3.5838
	1,51087,56	,2010,Henrico County,Virginia,444,11621,98307,441828,2014,496,15226,151388,623180,3.5838
	1,36047,52	,2010,Kings County,New York,1314,15523,291202,991079,2014,1454,15888,301400,1047645,6.8671
	1,36047,53	,2010,Kings County,New York,4170,13371,101621,454038,2014,4554,15821,137140,601819,6.8671
	1,36047,0	,2010,Kings County,New York,48212,489378,4202282,18213936,2014,54723,562928,5106020,21819797,6.8671
	1,36047,21	,2010,Kings County,New York,3,15,151,720,2014,3,16,159,640,6.8671
	1,36047,22	,2010,Kings County,New York,44,4773,101192,364795,2014,41,4721,101194,420815,6.8671
	1,36047,81	,2010,Kings County,New York,5104,25384,146336,622987,2014,5907,29181,173330,731345,6.8671
	1,36047,72	,2010,Kings County,New York,4361,28058,114256,510467,2014,5250,42887,187098,851021,6.8671
	1,36047,71	,2010,Kings County,New York,613,6284,36686,185177,2014,886,9602,96584,436838,6.8671
	1,36047,62	,2010,Kings County,New York,6176,171311,1614275,7043736,2014,6525,185927,1835855,7692971,6.8671
	1,36047,61	,2010,Kings County,New York,810,28117,200931,861313,2014,1009,32813,268321,1114899,6.8671
	1,36047,56	,2010,Kings County,New York,1393,24004,156732,714618,2014,1646,25103,180964,797003,6.8671
	1,36047,55	,2010,Kings County,New York,68,2000,28300,121736,2014,72,2756,55846,197784,6.8671
	1,36047,54	,2010,Kings County,New York,3927,16196,170995,826781,2014,4830,19688,237368,1098213,6.8671
	1,36047,23	,2010,Kings County,New York,3517,23914,261224,1194016,2014,3926,24878,272852,1342729,6.8671
	1,36047,31-33	,2010,Kings County,New York,1776,20250,153280,698411,2014,1788,21405,178889,793137,6.8671
	1,36047,42	,2010,Kings County,New York,3491,25709,228866,1065072,2014,3710,28339,275943,1232977,6.8671
	1,36047,44-45	,2010,Kings County,New York,9269,58454,332305,1458095,2014,10442,72108,434415,1917702,6.8671
	1,36047,48-49	,2010,Kings County,New York,1335,18228,147721,644951,2014,1540,20885,172551,699942,6.8671
	1,36047,51	,2010,Kings County,New York,692,7646,115698,453514,2014,973,10753,195338,836856,6.8671
	1,12095,55	,2010,Orange County,Florida,364,30248,544268,2058122,2014,378,28124,566607,2261387,4.1014
	1,12095,53	,2010,Orange County,Florida,2001,23300,254038,1025230,2014,2322,20632,253478,969974,4.1014
	1,12095,52	,2010,Orange County,Florida,1911,21169,344445,1312245,2014,1887,21450,482283,1635411,4.1014
	1,12095,51	,2010,Orange County,Florida,615,17510,269891,1076304,2014,666,20425,346162,1342783,4.1014
	1,12095,48-49	,2010,Orange County,Florida,869,23385,263172,1073558,2014,1032,26045,320572,1256308,4.1014
	1,12095,44-45	,2010,Orange County,Florida,4601,68027,384556,1637618,2014,4817,83151,517110,2113880,4.1014
	1,12095,42	,2010,Orange County,Florida,1835,24303,286382,1198043,2014,1876,26420,352841,1449936,4.1014
	1,12095,31-33	,2010,Orange County,Florida,741,25308,354013,1563985,2014,785,25973,420545,1672357,4.1014
	1,12095,23	,2010,Orange County,Florida,2676,22597,253674,1039381,2014,2821,25137,289532,1233401,4.1014
	1,12095,54	,2010,Orange County,Florida,4718,48211,759287,3251069,2014,5205,45708,777847,3218133,4.1014
	1,12095,0	,2010,Orange County,Florida,31531,590962,5709601,23663717,2014,34229,659812,6989838,27854993,4.1014
	1,12095,21	,2010,Orange County,Florida,6,47,407,1779,2014,7,36,488,1912,4.1014
	1,12095,81	,2010,Orange County,Florida,2545,33856,216323,908812,2014,2712,35038,243327,980640,4.1014
	1,12095,72	,2010,Orange County,Florida,2544,91593,443361,1831212,2014,2844,113319,671796,2643214,4.1014
	1,12095,71	,2010,Orange County,Florida,507,40004,260427,982206,2014,604,49376,319643,1237223,4.1014
	1,12095,62	,2010,Orange County,Florida,2910,63264,653820,2901799,2014,3246,68298,814383,3340548,4.1014
	1,12095,61	,2010,Orange County,Florida,440,11875,101119,432692,2014,518,14616,148698,599462,4.1014
	1,12095,56	,2010,Orange County,Florida,2179,45166,305833,1314099,2014,2425,54577,444418,1822788,4.1014
	1,4021,51	,2010,Pinal County,Arizona,43,838,14990,59544,2014,46,1645,12397,49854,2.9273
	1,4021,44-45	,2010,Pinal County,Arizona,500,8928,43396,176247,2014,489,8297,49997,200021,2.9273
	1,4021,42	,2010,Pinal County,Arizona,120,1042,11585,45841,2014,123,1403,15539,65914,2.9273
	1,4021,31-33	,2010,Pinal County,Arizona,112,2827,28624,124325,2014,115,3647,41755,175068,2.9273
	1,4021,23	,2010,Pinal County,Arizona,338,1956,12551,58553,2014,338,2443,24029,103702,2.9273
	1,4021,21	,2010,Pinal County,Arizona,27,1350,15955,66716,2014,26,1219,21906,90239,2.9273
	1,4021,11	,2010,Pinal County,Arizona,12,98,980,4537,2014,12,134,1540,5762,2.9273
	1,4021,0	,2010,Pinal County,Arizona,3203,41523,304165,1284920,2014,3348,46208,387367,1573968,2.9273
	1,4021,55	,2010,Pinal County,Arizona,7,62,612,2693,2014,8,96,1011,3894,2.9273
	1,4021,56	,2010,Pinal County,Arizona,198,4897,43120,183734,2014,218,5073,50958,202148,2.9273
	1,4021,61	,2010,Pinal County,Arizona,42,541,3799,16613,2014,39,1152,9183,37062,2.9273
	1,4021,62	,2010,Pinal County,Arizona,382,6664,60679,273045,2014,423,7572,73133,302599,2.9273
	1,4021,72	,2010,Pinal County,Arizona,323,5506,21733,85116,2014,330,6303,25092,94433,2.9273
	1,4021,81	,2010,Pinal County,Arizona,302,1781,8288,34664,2014,328,1799,11687,47175,2.9273
	1,4021,48-49	,2010,Pinal County,Arizona,103,1311,11128,45685,2014,112,1340,16010,61461,2.9273
	1,4021,54	,2010,Pinal County,Arizona,246,1003,9195,34474,2014,266,886,8395,41764,2.9273
	1,4021,53	,2010,Pinal County,Arizona,186,619,3247,13629,2014,187,647,4421,18041,2.9273
	1,4021,52	,2010,Pinal County,Arizona,200,876,7719,30910,2014,214,995,9043,37345,2.9273
	1,51153,23	,2010,Prince William County,Virginia,1057,9802,94443,459110,2014,1149,11359,125581,607405,8.2089
	1,51153,0	,2010,Prince William County,Virginia,6971,83363,716634,3172665,2014,7660,96572,900355,3861646,8.2089
	1,51153,22	,2010,Prince William County,Virginia,11,522,10834,39587,2014,12,508,10153,41355,8.2089
	1,51153,61	,2010,Prince William County,Virginia,101,1487,10152,43752,2014,136,1668,11708,50830,8.2089
	1,51153,81	,2010,Prince William County,Virginia,649,4780,31776,139783,2014,732,5640,40399,167714,8.2089
	1,51153,72	,2010,Prince William County,Virginia,596,10770,37009,168194,2014,667,13234,48282,207119,8.2089
	1,51153,71	,2010,Prince William County,Virginia,108,1742,6335,32642,2014,119,1838,7084,35855,8.2089
	1,51153,62	,2010,Prince William County,Virginia,647,8359,86646,380627,2014,766,9797,103741,432911,8.2089
	1,51153,56	,2010,Prince William County,Virginia,459,5519,40400,185753,2014,492,8371,68566,298133,8.2089
	1,51153,55	,2010,Prince William County,Virginia,28,457,13805,47892,2014,40,781,18806,61924,8.2089
	1,51153,54	,2010,Prince William County,Virginia,1077,10504,158605,695490,2014,1174,10761,192392,818983,8.2089
	1,51153,53	,2010,Prince William County,Virginia,289,1034,12062,46384,2014,306,1261,13239,56218,8.2089
	1,51153,52	,2010,Prince William County,Virginia,320,2154,21372,88970,2014,322,1962,28134,108259,8.2089
	1,51153,51	,2010,Prince William County,Virginia,94,1608,21704,87193,2014,102,1467,22772,84632,8.2089
	1,51153,48-49	,2010,Prince William County,Virginia,136,1389,11264,55391,2014,190,1802,16861,81007,8.2089
	1,51153,44-45	,2010,Prince William County,Virginia,1074,18989,110215,484325,2014,1123,21718,133536,561765,8.2089
	1,51153,42	,2010,Prince William County,Virginia,194,2233,28237,122594,2014,205,2821,41351,171858,8.2089
	1,51153,31-33	,2010,Prince William County,Virginia,106,1952,21192,91783,2014,99,1492,16894,71257,8.2089
	1,6073,31-33	,2010,San Diego County,California,2846,91592,1356727,5642478,2014,2861,97352,1748876,6667362,6.6875
	1,6073,23	,2010,San Diego County,California,6259,60610,699023,2970414,2014,6394,63731,839225,3519228,6.6875
	1,6073,11	,2010,San Diego County,California,126,728,5816,26988,2014,127,635,5541,27802,6.6875
	1,6073,0	,2010,San Diego County,California,75794,1101324,12272060,51975079,2014,79958,1202583,15609114,61752012,6.6875
	1,6073,44-45	,2010,San Diego County,California,9201,134989,872284,3834406,2014,9432,150619,991777,4163107,6.6875
	1,6073,48-49	,2010,San Diego County,California,1544,21132,177252,776867,2014,1609,23782,239866,1012881,6.6875
	1,6073,51	,2010,San Diego County,California,1328,33991,621978,2532142,2014,1383,32114,722659,2823465,6.6875
	1,6073,52	,2010,San Diego County,California,4694,50418,925561,3799850,2014,4866,51279,1243591,4363103,6.6875
	1,6073,53	,2010,San Diego County,California,5139,27127,284643,1151714,2014,5658,28697,391935,1479047,6.6875
	1,6073,54	,2010,San Diego County,California,12432,119500,2050501,8478714,2014,13226,133602,2802886,10858343,6.6875
	1,6073,55	,2010,San Diego County,California,412,20123,402593,1690533,2014,447,23460,503679,1956454,6.6875
	1,6073,56	,2010,San Diego County,California,4086,83745,667384,2927869,2014,4192,96412,807198,3403856,6.6875
	1,6073,61	,2010,San Diego County,California,1127,26753,211158,899583,2014,1380,31331,281083,1182669,6.6875
	1,6073,62	,2010,San Diego County,California,8374,143062,1593287,6984465,2014,8878,155350,2036052,8559813,6.6875
	1,6073,71	,2010,San Diego County,California,1072,31437,214565,1012647,2014,1172,33034,248802,1107205,6.6875
	1,6073,72	,2010,San Diego County,California,6584,136026,614111,2644252,2014,7146,158309,787404,3379601,6.6875
	1,6073,81	,2010,San Diego County,California,5953,54377,345931,1464533,2014,6461,54335,379511,1594064,6.6875
	1,6073,42	,2010,San Diego County,California,4289,59467,1024158,4543102,2014,4347,62234,1324576,4892463,6.6875
	1,6081,54	,2010,San Mateo County,California,2889,52922,1087592,4691818,2014,3072,37190,1227900,4806605,7.9337
	1,6081,55	,2010,San Mateo County,California,187,6983,251731,914653,2014,204,6957,373659,1130060,7.9337
	1,6081,81	,2010,San Mateo County,California,1572,11788,119676,506105,2014,1674,14366,199269,730867,7.9337
	1,6081,72	,2010,San Mateo County,California,1844,30666,149220,663596,2014,2011,36748,204983,883939,7.9337
	1,6081,71	,2010,San Mateo County,California,273,5258,31854,148981,2014,282,5664,34367,169252,7.9337
	1,6081,62	,2010,San Mateo County,California,2236,31127,418285,1780088,2014,2378,33472,511469,2181029,7.9337
	1,6081,61	,2010,San Mateo County,California,285,5334,48738,205455,2014,371,6784,64771,275152,7.9337
	1,6081,56	,2010,San Mateo County,California,1078,19126,216013,982728,2014,1141,27076,331177,1482728,7.9337
	1,6081,0	,2010,San Mateo County,California,19669,328353,6215134,24414134,2014,20653,367148,10178631,39192086,7.9337
	1,6081,11	,2010,San Mateo County,California,19,56,448,2213,2014,21,67,665,3082,7.9337
	1,6081,23	,2010,San Mateo County,California,1709,14291,196657,847737,2014,1809,19052,299705,1441953,7.9337
	1,6081,42	,2010,San Mateo County,California,1181,20153,739974,2385905,2014,1135,24068,1465029,5135299,7.9337
	1,6081,44-45	,2010,San Mateo County,California,2074,33047,239421,1041235,2014,2063,34575,275658,1140146,7.9337
	1,6081,48-49	,2010,San Mateo County,California,691,25505,303967,1303570,2014,710,28614,425587,1686231,7.9337
	1,6081,51	,2010,San Mateo County,California,495,24387,806633,3425424,2014,564,40393,2605356,10338420,7.9337
	1,6081,52	,2010,San Mateo County,California,1283,13827,524959,2112219,2014,1322,21130,951724,3813881,7.9337
	1,6081,53	,2010,San Mateo County,California,1084,6575,82402,334533,2014,1161,6852,104573,425090,7.9337
	1,6085,22	,2010,Santa Clara County,California,26,1811,42839,174717,2014,22,1963,57182,213524,7.4650
	1,6085,21	,2010,Santa Clara County,California,9,124,1708,8127,2014,13,208,3930,15558,7.4650
	1,6085,11	,2010,Santa Clara County,California,18,98,981,4418,2014,20,102,1264,5332,7.4650
	1,6085,0	,2010,Santa Clara County,California,44120,847052,17028097,72563627,2014,47019,963099,24922620,101282561,7.4650
	1,6085,81	,2010,Santa Clara County,California,3435,26678,204185,880395,2014,3697,30224,266629,1097867,7.4650
	1,6085,72	,2010,Santa Clara County,California,4129,63931,277555,1194162,2014,4531,80713,404617,1726259,7.4650
	1,6085,71	,2010,Santa Clara County,California,487,12492,88130,431317,2014,547,14692,107699,585259,7.4650
	1,6085,62	,2010,Santa Clara County,California,5237,88742,1257313,5490664,2014,5584,102405,1626405,6879007,7.4650
	1,6085,61	,2010,Santa Clara County,California,771,40391,529598,2159249,2014,966,46179,635504,2739852,7.4650
	1,6085,56	,2010,Santa Clara County,California,2144,54852,443598,1938070,2014,2240,58846,609200,2610085,7.4650
	1,6085,55	,2010,Santa Clara County,California,234,35174,1350930,7428264,2014,272,53714,2456010,12845973,7.4650
	1,6085,54	,2010,Santa Clara County,California,7995,123930,3176251,13830232,2014,8838,132254,4250737,17253352,7.4650
	1,6085,53	,2010,Santa Clara County,California,2321,13606,195176,849403,2014,2536,13002,227142,941062,7.4650
	1,6085,52	,2010,Santa Clara County,California,2372,24399,558318,2168140,2014,2331,25331,797301,2708930,7.4650
	1,6085,51	,2010,Santa Clara County,California,1239,64073,2881428,10926701,2014,1515,90553,5600753,20030916,7.4650
	1,6085,48-49	,2010,Santa Clara County,California,581,9745,95231,415437,2014,603,10372,105998,454303,7.4650
	1,6085,44-45	,2010,Santa Clara County,California,4948,76686,558543,2351764,2014,4926,83843,717020,2854574,7.4650
	1,6085,42	,2010,Santa Clara County,California,2638,86564,2750194,11360642,2014,2642,93924,4065570,16358443,7.4650
	1,6085,31-33	,2010,Santa Clara County,California,2371,89570,2158853,8990369,2014,2306,85253,2375206,9181513,7.4650
	1,6085,23	,2010,Santa Clara County,California,3061,34068,456791,1959576,2014,3241,39375,613776,2774931,7.4650
	1,40143,21	,2010,Tulsa County,Oklahoma,344,5154,168559,555744,2014,360,6321,228175,791367,3.6460
	1,40143,0	,2010,Tulsa County,Oklahoma,18510,306457,3103638,13021931,2014,18606,329662,3995338,15824312,3.6460
	1,40143,31-33	,2010,Tulsa County,Oklahoma,892,32455,384900,1682200,2014,882,38824,521728,2203631,3.6460
	1,40143,42	,2010,Tulsa County,Oklahoma,1236,16472,225520,948222,2014,1225,17170,275881,1105614,3.6460
	1,40143,44-45	,2010,Tulsa County,Oklahoma,2312,36583,203127,869071,2014,2322,39118,239418,994812,3.6460
	1,40143,48-49	,2010,Tulsa County,Oklahoma,416,13744,202545,788769,2014,397,13725,256904,927940,3.6460
	1,40143,51	,2010,Tulsa County,Oklahoma,359,11298,142157,569782,2014,331,11567,189999,699431,3.6460
	1,40143,52	,2010,Tulsa County,Oklahoma,1382,15516,228502,890430,2014,1362,15020,273826,1045405,3.6460
	1,40143,53	,2010,Tulsa County,Oklahoma,894,7344,77878,308447,2014,940,6808,66509,289503,3.6460
	1,40143,54	,2010,Tulsa County,Oklahoma,2383,18386,240545,1103971,2014,2365,20551,311821,1351815,3.6460
	1,40143,55	,2010,Tulsa County,Oklahoma,167,6432,192040,654673,2014,185,11479,417267,1185715,3.6460
	1,40143,56	,2010,Tulsa County,Oklahoma,1033,22931,147477,650927,2014,1037,22958,167473,732196,3.6460
	1,40143,61	,2010,Tulsa County,Oklahoma,177,7652,51756,213576,2014,183,7785,58465,240728,3.6460
	1,40143,62	,2010,Tulsa County,Oklahoma,2046,47750,458357,2051756,2014,2051,50355,532493,2279378,3.6460
	1,40143,71	,2010,Tulsa County,Oklahoma,225,4429,21034,91416,2014,225,5162,28004,125386,3.6460
	1,40143,72	,2010,Tulsa County,Oklahoma,1493,29094,94571,401842,2014,1550,31136,110192,469547,3.6460
	1,40143,81	,2010,Tulsa County,Oklahoma,1693,14940,85582,366152,2014,1745,15521,101003,428885,3.6460
	1,40143,23	,2010,Tulsa County,Oklahoma,1397,14727,142071,735607,2014,1369,14417,165331,792803,3.6460
	1,40143,22	,2010,Tulsa County,Oklahoma,36,1506,36920,138996,2014,46,1704,50647,158952,3.6460
